layers/topo_xyz.grd
DSAA
         401         368
  0.0000000E+00   120.0000    
  0.0000000E+00   110.0000    
  -8.625999       3.499000    
[rows 312 to 337 of 368, columns 236 to 294 of 401]
-2.379000 -2.355000 -2.331000 -2.307000 -2.285000 -2.259000 -2.224000 -2.179000 -2.135000 -2.104000 -2.077000 -2.045000 -2.000000 -1.948000 -1.893000 -1.843000 -1.800000 -1.768000 -1.747000 -1.732000 -1.718000 -1.702000 -1.683000 -1.664000 -1.641000 -1.615000 -1.585000 -1.552000 -1.516000 -1.478000 -1.439000 -1.399000 -1.358000 -1.315000 -1.272000 -1.230000 -1.191000 -1.156000 -1.125000 -1.099000 -1.073000 -1.047000 -1.023000 -1.002000 -0.9900000 -0.9919999 -1.001000 -1.015000 -1.028000 -1.033000 -1.035000 -1.028000 -1.017000 -1.008000 -0.9999998 -0.9940002 -0.9929998 -0.9950001 -0.9970000
-2.400000 -2.378000 -2.357000 -2.334000 -2.314000 -2.289000 -2.254000 -2.209000 -2.163000 -2.138000 -2.116000 -2.087000 -2.047000 -1.999000 -1.949000 -1.906000 -1.869000 -1.840000 -1.821000 -1.807000 -1.791000 -1.773000 -1.753000 -1.734000 -1.712000 -1.685000 -1.656000 -1.622000 -1.584000 -1.546000 -1.506000 -1.468000 -1.427000 -1.385000 -1.342000 -1.300000 -1.260000 -1.227000 -1.197000 -1.170000 -1.142000 -1.115000 -1.088000 -1.066000 -1.055000 -1.059000 -1.073000 -1.093000 -1.110000 -1.121000 -1.121000 -1.112000 -1.100000 -1.088000 -1.078000 -1.072000 -1.070000 -1.072000 -1.075000
-2.427000 -2.406000 -2.386000 -2.366000 -2.347000 -2.324000 -2.292000 -2.251000 -2.211000 -2.184000 -2.162000 -2.134000 -2.098000 -2.055000 -2.011000 -1.972000 -1.939000 -1.915000 -1.898000 -1.883000 -1.866000 -1.848000 -1.828000 -1.808000 -1.787000 -1.761000 -1.731000 -1.697000 -1.659000 -1.620000 -1.581000 -1.541000 -1.500000 -1.457000 -1.414000 -1.372000 -1.334000 -1.301000 -1.271000 -1.242000 -1.213000 -1.184000 -1.153000 -1.129000 -1.117000 -1.124000 -1.144000 -1.171000 -1.196000 -1.212000 -1.210000 -1.198000 -1.183000 -1.168000 -1.157000 -1.150000 -1.148000 -1.150000 -1.155000
-2.455000 -2.434000 -2.416000 -2.399000 -2.381000 -2.362000 -2.335000 -2.298000 -2.261000 -2.233000 -2.210000 -2.185000 -2.150000 -2.110000 -2.070000 -2.035000 -2.007000 -1.986000 -1.971000 -1.959000 -1.940000 -1.920000 -1.901000 -1.881000 -1.861000 -1.838000 -1.806000 -1.770000 -1.733000 -1.694000 -1.655000 -1.614000 -1.573000 -1.531000 -1.487000 -1.445000 -1.406000 -1.375000 -1.345000 -1.314000 -1.283000 -1.252000 -1.217000 -1.189000 -1.176000 -1.187000 -1.212000 -1.245000 -1.276000 -1.298000 -1.293000 -1.279000 -1.261000 -1.244000 -1.231000 -1.224000 -1.221000 -1.224000 -1.232000
-2.478000 -2.459000 -2.442000 -2.427000 -2.413000 -2.397000 -2.376000 -2.339000 -2.304000 -2.278000 -2.256000 -2.234000 -2.199000 -2.161000 -2.125000 -2.093000 -2.068000 -2.050000 -2.038000 -2.028000 -2.007000 -1.986000 -1.966000 -1.947000 -1.929000 -1.908000 -1.874000 -1.838000 -1.801000 -1.763000 -1.725000 -1.683000 -1.642000 -1.601000 -1.556000 -1.515000 -1.477000 -1.445000 -1.415000 -1.383000 -1.349000 -1.313000 -1.277000 -1.248000 -1.236000 -1.247000 -1.274000 -1.309000 -1.341000 -1.362000 -1.361000 -1.349000 -1.331000 -1.313000 -1.298000 -1.290000 -1.288000 -1.292000 -1.301000
-2.496000 -2.479000 -2.464000 -2.450000 -2.436000 -2.421000 -2.400000 -2.370000 -2.339000 -2.314000 -2.293000 -2.269000 -2.239000 -2.205000 -2.172000 -2.144000 -2.121000 -2.104000 -2.092000 -2.079000 -2.061000 -2.040000 -2.020000 -2.002000 -1.983000 -1.960000 -1.929000 -1.895000 -1.858000 -1.821000 -1.783000 -1.744000 -1.703000 -1.662000 -1.620000 -1.579000 -1.543000 -1.513000 -1.483000 -1.450000 -1.413000 -1.374000 -1.335000 -1.304000 -1.292000 -1.303000 -1.332000 -1.368000 -1.400000 -1.421000 -1.423000 -1.412000 -1.393000 -1.374000 -1.359000 -1.350000 -1.349000 -1.355000 -1.365000
-2.510000 -2.495000 -2.481000 -2.468000 -2.455000 -2.440000 -2.420000 -2.394000 -2.366000 -2.344000 -2.324000 -2.301000 -2.274000 -2.244000 -2.214000 -2.189000 -2.169000 -2.152000 -2.139000 -2.125000 -2.107000 -2.088000 -2.068000 -2.049000 -2.029000 -2.006000 -1.978000 -1.946000 -1.910000 -1.874000 -1.837000 -1.800000 -1.760000 -1.720000 -1.678000 -1.639000 -1.604000 -1.577000 -1.550000 -1.515000 -1.476000 -1.434000 -1.392000 -1.357000 -1.342000 -1.356000 -1.388000 -1.427000 -1.462000 -1.483000 -1.486000 -1.474000 -1.453000 -1.432000 -1.415000 -1.406000 -1.406000 -1.414000 -1.427000
-2.522000 -2.510000 -2.497000 -2.485000 -2.473000 -2.459000 -2.439000 -2.416000 -2.391000 -2.372000 -2.354000 -2.333000 -2.309000 -2.281000 -2.253000 -2.232000 -2.213000 -2.197000 -2.185000 -2.170000 -2.153000 -2.133000 -2.113000 -2.095000 -2.076000 -2.052000 -2.026000 -1.996000 -1.962000 -1.928000 -1.891000 -1.856000 -1.818000 -1.777000 -1.736000 -1.696000 -1.661000 -1.637000 -1.614000 -1.578000 -1.538000 -1.496000 -1.449000 -1.411000 -1.392000 -1.411000 -1.449000 -1.492000 -1.529000 -1.552000 -1.554000 -1.539000 -1.514000 -1.490000 -1.471000 -1.459000 -1.461000 -1.473000 -1.490000
-2.538000 -2.526000 -2.515000 -2.504000 -2.493000 -2.479000 -2.462000 -2.441000 -2.419000 -2.402000 -2.386000 -2.367000 -2.345000 -2.320000 -2.296000 -2.276000 -2.260000 -2.246000 -2.233000 -2.219000 -2.202000 -2.183000 -2.164000 -2.146000 -2.127000 -2.105000 -2.080000 -2.051000 -2.020000 -1.987000 -1.952000 -1.917000 -1.878000 -1.837000 -1.795000 -1.754000 -1.718000 -1.692000 -1.667000 -1.635000 -1.597000 -1.554000 -1.509000 -1.473000 -1.457000 -1.476000 -1.516000 -1.563000 -1.605000 -1.630000 -1.630000 -1.611000 -1.581000 -1.552000 -1.528000 -1.515000 -1.519000 -1.534000 -1.555000
-2.554000 -2.544000 -2.534000 -2.524000 -2.513000 -2.501000 -2.485000 -2.466000 -2.447000 -2.432000 -2.419000 -2.403000 -2.382000 -2.359000 -2.337000 -2.320000 -2.306000 -2.294000 -2.282000 -2.268000 -2.252000 -2.234000 -2.215000 -2.198000 -2.180000 -2.161000 -2.136000 -2.109000 -2.079000 -2.049000 -2.016000 -1.981000 -1.942000 -1.900000 -1.856000 -1.813000 -1.774000 -1.747000 -1.721000 -1.691000 -1.656000 -1.617000 -1.574000 -1.538000 -1.524000 -1.545000 -1.587000 -1.638000 -1.685000 -1.714000 -1.709000 -1.684000 -1.650000 -1.616000 -1.587000 -1.571000 -1.578000 -1.598000 -1.624000
-2.569000 -2.560000 -2.552000 -2.543000 -2.533000 -2.522000 -2.508000 -2.490000 -2.472000 -2.460000 -2.449000 -2.437000 -2.416000 -2.395000 -2.375000 -2.360000 -2.349000 -2.339000 -2.327000 -2.314000 -2.301000 -2.282000 -2.264000 -2.248000 -2.232000 -2.215000 -2.191000 -2.165000 -2.138000 -2.110000 -2.080000 -2.045000 -2.006000 -1.965000 -1.920000 -1.874000 -1.832000 -1.805000 -1.779000 -1.751000 -1.720000 -1.684000 -1.643000 -1.609000 -1.592000 -1.616000 -1.659000 -1.710000 -1.759000 -1.794000 -1.782000 -1.753000 -1.717000 -1.680000 -1.649000 -1.630000 -1.643000 -1.668000 -1.698000
-2.585000 -2.577000 -2.570000 -2.561000 -2.551000 -2.539000 -2.526000 -2.510000 -2.495000 -2.483000 -2.474000 -2.462000 -2.445000 -2.426000 -2.409000 -2.395000 -2.385000 -2.377000 -2.366000 -2.354000 -2.341000 -2.325000 -2.308000 -2.293000 -2.279000 -2.262000 -2.241000 -2.218000 -2.193000 -2.167000 -2.139000 -2.106000 -2.069000 -2.030000 -1.987000 -1.943000 -1.904000 -1.872000 -1.844000 -1.816000 -1.785000 -1.752000 -1.717000 -1.689000 -1.678000 -1.695000 -1.729000 -1.772000 -1.813000 -1.838000 -1.833000 -1.810000 -1.779000 -1.747000 -1.721000 -1.709000 -1.719000 -1.743000 -1.773000
-2.598000 -2.593000 -2.587000 -2.579000 -2.568000 -2.555000 -2.541000 -2.527000 -2.514000 -2.504000 -2.495000 -2.485000 -2.470000 -2.453000 -2.437000 -2.425000 -2.417000 -2.409000 -2.400000 -2.390000 -2.378000 -2.363000 -2.349000 -2.335000 -2.321000 -2.305000 -2.287000 -2.266000 -2.244000 -2.221000 -2.195000 -2.165000 -2.131000 -2.094000 -2.054000 -2.015000 -1.977000 -1.943000 -1.912000 -1.882000 -1.852000 -1.823000 -1.793000 -1.770000 -1.761000 -1.771000 -1.796000 -1.828000 -1.858000 -1.876000 -1.875000 -1.859000 -1.835000 -1.811000 -1.793000 -1.786000 -1.795000 -1.817000 -1.847000
-2.612000 -2.609000 -2.604000 -2.596000 -2.585000 -2.572000 -2.557000 -2.544000 -2.532000 -2.521000 -2.515000 -2.507000 -2.493000 -2.476000 -2.461000 -2.451000 -2.444000 -2.439000 -2.431000 -2.422000 -2.411000 -2.398000 -2.385000 -2.373000 -2.361000 -2.346000 -2.331000 -2.312000 -2.293000 -2.273000 -2.250000 -2.223000 -2.191000 -2.157000 -2.120000 -2.084000 -2.048000 -2.012000 -1.978000 -1.946000 -1.918000 -1.891000 -1.864000 -1.844000 -1.837000 -1.841000 -1.857000 -1.879000 -1.901000 -1.913000 -1.915000 -1.905000 -1.889000 -1.871000 -1.859000 -1.858000 -1.866000 -1.886000 -1.913000
-2.629000 -2.626000 -2.621000 -2.613000 -2.603000 -2.590000 -2.576000 -2.562000 -2.550000 -2.540000 -2.534000 -2.526000 -2.513000 -2.497000 -2.483000 -2.474000 -2.469000 -2.466000 -2.460000 -2.453000 -2.443000 -2.432000 -2.420000 -2.409000 -2.399000 -2.387000 -2.373000 -2.357000 -2.340000 -2.324000 -2.304000 -2.279000 -2.248000 -2.216000 -2.182000 -2.148000 -2.114000 -2.076000 -2.040000 -2.006000 -1.976000 -1.950000 -1.926000 -1.908000 -1.901000 -1.903000 -1.914000 -1.930000 -1.945000 -1.955000 -1.957000 -1.951000 -1.940000 -1.927000 -1.919000 -1.919000 -1.929000 -1.948000 -1.974000
-2.646000 -2.643000 -2.638000 -2.630000 -2.621000 -2.610000 -2.597000 -2.582000 -2.568000 -2.558000 -2.553000 -2.547000 -2.534000 -2.517000 -2.503000 -2.497000 -2.495000 -2.493000 -2.489000 -2.483000 -2.475000 -2.464000 -2.453000 -2.444000 -2.435000 -2.425000 -2.412000 -2.398000 -2.384000 -2.372000 -2.356000 -2.331000 -2.302000 -2.270000 -2.239000 -2.208000 -2.175000 -2.136000 -2.096000 -2.060000 -2.030000 -2.004000 -1.982000 -1.966000 -1.957000 -1.959000 -1.967000 -1.979000 -1.992000 -2.001000 -2.003000 -1.999000 -1.991000 -1.982000 -1.975000 -1.975000 -1.987000 -2.008000 -2.033000
-2.662000 -2.659000 -2.653000 -2.646000 -2.638000 -2.629000 -2.618000 -2.603000 -2.588000 -2.576000 -2.575000 -2.572000 -2.558000 -2.540000 -2.524000 -2.522000 -2.523000 -2.523000 -2.521000 -2.515000 -2.506000 -2.495000 -2.484000 -2.477000 -2.470000 -2.462000 -2.450000 -2.436000 -2.423000 -2.415000 -2.404000 -2.379000 -2.350000 -2.319000 -2.291000 -2.262000 -2.231000 -2.190000 -2.149000 -2.110000 -2.080000 -2.055000 -2.035000 -2.019000 -2.011000 -2.013000 -2.020000 -2.030000 -2.041000 -2.050000 -2.053000 -2.052000 -2.046000 -2.040000 -2.034000 -2.033000 -2.048000 -2.068000 -2.092000
-2.673000 -2.671000 -2.667000 -2.661000 -2.654000 -2.646000 -2.636000 -2.623000 -2.611000 -2.602000 -2.598000 -2.595000 -2.583000 -2.568000 -2.555000 -2.554000 -2.557000 -2.559000 -2.555000 -2.547000 -2.537000 -2.525000 -2.515000 -2.508000 -2.502000 -2.495000 -2.483000 -2.471000 -2.460000 -2.451000 -2.439000 -2.418000 -2.393000 -2.365000 -2.338000 -2.309000 -2.277000 -2.239000 -2.198000 -2.161000 -2.130000 -2.106000 -2.087000 -2.073000 -2.066000 -2.067000 -2.073000 -2.083000 -2.093000 -2.102000 -2.107000 -2.108000 -2.106000 -2.104000 -2.102000 -2.105000 -2.117000 -2.134000 -2.154000
-2.683000 -2.682000 -2.679000 -2.674000 -2.669000 -2.662000 -2.654000 -2.644000 -2.634000 -2.627000 -2.624000 -2.620000 -2.611000 -2.597000 -2.586000 -2.587000 -2.593000 -2.597000 -2.591000 -2.580000 -2.566000 -2.554000 -2.545000 -2.539000 -2.533000 -2.526000 -2.515000 -2.503000 -2.491000 -2.482000 -2.471000 -2.454000 -2.431000 -2.406000 -2.381000 -2.353000 -2.320000 -2.283000 -2.245000 -2.208000 -2.178000 -2.155000 -2.136000 -2.125000 -2.120000 -2.121000 -2.127000 -2.136000 -2.147000 -2.156000 -2.164000 -2.168000 -2.171000 -2.172000 -2.175000 -2.180000 -2.189000 -2.203000 -2.219000
-2.694000 -2.693000 -2.691000 -2.687000 -2.683000 -2.678000 -2.672000 -2.664000 -2.657000 -2.651000 -2.649000 -2.646000 -2.641000 -2.626000 -2.614000 -2.618000 -2.627000 -2.634000 -2.623000 -2.609000 -2.594000 -2.582000 -2.573000 -2.569000 -2.564000 -2.557000 -2.545000 -2.532000 -2.519000 -2.511000 -2.501000 -2.487000 -2.468000 -2.446000 -2.422000 -2.395000 -2.363000 -2.327000 -2.289000 -2.253000 -2.223000 -2.200000 -2.182000 -2.173000 -2.171000 -2.173000 -2.180000 -2.189000 -2.201000 -2.212000 -2.222000 -2.230000 -2.237000 -2.243000 -2.248000 -2.255000 -2.263000 -2.273000 -2.284000
-2.704000 -2.704000 -2.703000 -2.700000 -2.697000 -2.693000 -2.689000 -2.684000 -2.679000 -2.675000 -2.672000 -2.670000 -2.664000 -2.654000 -2.646000 -2.647000 -2.653000 -2.655000 -2.646000 -2.632000 -2.618000 -2.608000 -2.602000 -2.599000 -2.596000 -2.589000 -2.575000 -2.559000 -2.546000 -2.538000 -2.532000 -2.521000 -2.506000 -2.487000 -2.464000 -2.438000 -2.406000 -2.369000 -2.331000 -2.294000 -2.263000 -2.240000 -2.223000 -2.216000 -2.217000 -2.221000 -2.230000 -2.241000 -2.254000 -2.267000 -2.280000 -2.292000 -2.303000 -2.313000 -2.321000 -2.328000 -2.334000 -2.341000 -2.349000
-2.716000 -2.716000 -2.715000 -2.713000 -2.711000 -2.709000 -2.706000 -2.702000 -2.699000 -2.696000 -2.694000 -2.692000 -2.687000 -2.679000 -2.673000 -2.673000 -2.675000 -2.673000 -2.664000 -2.651000 -2.639000 -2.632000 -2.630000 -2.629000 -2.628000 -2.621000 -2.604000 -2.585000 -2.569000 -2.564000 -2.562000 -2.554000 -2.542000 -2.526000 -2.506000 -2.481000 -2.449000 -2.412000 -2.372000 -2.334000 -2.301000 -2.276000 -2.260000 -2.256000 -2.260000 -2.267000 -2.277000 -2.290000 -2.305000 -2.321000 -2.337000 -2.353000 -2.368000 -2.381000 -2.392000 -2.399000 -2.404000 -2.407000 -2.410000
-2.727000 -2.728000 -2.727000 -2.726000 -2.725000 -2.724000 -2.722000 -2.720000 -2.718000 -2.716000 -2.715000 -2.713000 -2.709000 -2.703000 -2.697000 -2.695000 -2.695000 -2.691000 -2.681000 -2.669000 -2.658000 -2.654000 -2.654000 -2.655000 -2.656000 -2.652000 -2.631000 -2.608000 -2.589000 -2.589000 -2.592000 -2.586000 -2.576000 -2.564000 -2.546000 -2.523000 -2.493000 -2.455000 -2.413000 -2.372000 -2.339000 -2.313000 -2.296000 -2.295000 -2.301000 -2.310000 -2.321000 -2.336000 -2.353000 -2.372000 -2.392000 -2.412000 -2.431000 -2.448000 -2.461000 -2.468000 -2.471000 -2.470000 -2.468000
-2.738000 -2.739000 -2.739000 -2.739000 -2.738000 -2.738000 -2.737000 -2.737000 -2.736000 -2.735000 -2.734000 -2.732000 -2.730000 -2.725000 -2.720000 -2.717000 -2.714000 -2.708000 -2.699000 -2.687000 -2.678000 -2.675000 -2.675000 -2.677000 -2.676000 -2.670000 -2.654000 -2.634000 -2.618000 -2.615000 -2.615000 -2.611000 -2.604000 -2.595000 -2.582000 -2.564000 -2.536000 -2.497000 -2.454000 -2.411000 -2.377000 -2.353000 -2.338000 -2.336000 -2.340000 -2.349000 -2.362000 -2.378000 -2.397000 -2.420000 -2.444000 -2.469000 -2.492000 -2.512000 -2.527000 -2.534000 -2.534000 -2.529000 -2.524000
-2.750000 -2.750000 -2.751000 -2.751000 -2.751000 -2.752000 -2.752000 -2.753000 -2.753000 -2.753000 -2.753000 -2.752000 -2.750000 -2.746000 -2.743000 -2.739000 -2.734000 -2.728000 -2.718000 -2.707000 -2.699000 -2.695000 -2.695000 -2.696000 -2.694000 -2.688000 -2.674000 -2.658000 -2.646000 -2.640000 -2.638000 -2.634000 -2.629000 -2.622000 -2.614000 -2.601000 -2.578000 -2.537000 -2.490000 -2.446000 -2.412000 -2.389000 -2.377000 -2.373000 -2.377000 -2.385000 -2.399000 -2.416000 -2.438000 -2.463000 -2.491000 -2.520000 -2.547000 -2.569000 -2.586000 -2.594000 -2.589000 -2.579000 -2.569000
-2.761000 -2.762000 -2.762000 -2.763000 -2.764000 -2.766000 -2.767000 -2.769000 -2.770000 -2.771000 -2.772000 -2.772000 -2.771000 -2.769000 -2.766000 -2.763000 -2.758000 -2.750000 -2.741000 -2.730000 -2.720000 -2.717000 -2.716000 -2.716000 -2.713000 -2.707000 -2.696000 -2.683000 -2.671000 -2.665000 -2.662000 -2.658000 -2.652000 -2.646000 -2.641000 -2.632000 -2.613000 -2.569000 -2.518000 -2.473000 -2.439000 -2.418000 -2.409000 -2.404000 -2.408000 -2.417000 -2.432000 -2.451000 -2.475000 -2.501000 -2.532000 -2.563000 -2.592000 -2.614000 -2.631000 -2.641000 -2.630000 -2.614000 -2.600000
