layers/topo_xyz.grd
DSAA
         401         368
  0.0000000E+00   120.0000    
  0.0000000E+00   110.0000    
  -8.625999       3.499000    
[rows 104 to 129 of 368, columns 59 to 117 of 401]
-1.261000 -1.296000 -1.329000 -1.363000 -1.400000 -1.438000 -1.473000 -1.505000 -1.532000 -1.555000 -1.574000 -1.590000 -1.603000 -1.615000 -1.624000 -1.633000 -1.644000 -1.661000 -1.679000 -1.695000 -1.708000 -1.717000 -1.722000 -1.725000 -1.726000 -1.725000 -1.723000 -1.723000 -1.732000 -1.754000 -1.778000 -1.790000 -1.791000 -1.782000 -1.765000 -1.740000 -1.709000 -1.672000 -1.630000 -1.583000 -1.537000 -1.499000 -1.479000 -1.470000 -1.470000 -1.482000 -1.493000 -1.489000 -1.458000 -1.415000 -1.372000 -1.330000 -1.292000 -1.258000 -1.220000 -1.165000 -1.080000 -0.9840000 -0.8970001
-1.225000 -1.262000 -1.297000 -1.333000 -1.373000 -1.413000 -1.451000 -1.484000 -1.512000 -1.536000 -1.555000 -1.571000 -1.585000 -1.597000 -1.608000 -1.618000 -1.630000 -1.646000 -1.665000 -1.682000 -1.696000 -1.706000 -1.713000 -1.715000 -1.715000 -1.713000 -1.708000 -1.705000 -1.708000 -1.733000 -1.759000 -1.768000 -1.766000 -1.754000 -1.737000 -1.712000 -1.681000 -1.642000 -1.598000 -1.547000 -1.497000 -1.454000 -1.437000 -1.428000 -1.426000 -1.444000 -1.457000 -1.454000 -1.414000 -1.362000 -1.316000 -1.273000 -1.235000 -1.208000 -1.177000 -1.132000 -1.039000 -0.9380000 -0.8539999
-1.196000 -1.235000 -1.272000 -1.308000 -1.351000 -1.394000 -1.433000 -1.467000 -1.496000 -1.519000 -1.538000 -1.555000 -1.569000 -1.582000 -1.595000 -1.606000 -1.619000 -1.637000 -1.656000 -1.673000 -1.688000 -1.699000 -1.707000 -1.710000 -1.709000 -1.706000 -1.702000 -1.699000 -1.703000 -1.721000 -1.739000 -1.745000 -1.741000 -1.729000 -1.710000 -1.685000 -1.653000 -1.614000 -1.569000 -1.520000 -1.472000 -1.434000 -1.415000 -1.408000 -1.408000 -1.415000 -1.416000 -1.402000 -1.361000 -1.308000 -1.259000 -1.213000 -1.175000 -1.145000 -1.113000 -1.063000 -0.9820001 -0.8900001 -0.8050001
-1.176000 -1.217000 -1.256000 -1.296000 -1.339000 -1.382000 -1.421000 -1.454000 -1.482000 -1.505000 -1.525000 -1.541000 -1.556000 -1.571000 -1.585000 -1.599000 -1.615000 -1.633000 -1.652000 -1.669000 -1.685000 -1.697000 -1.705000 -1.709000 -1.709000 -1.706000 -1.702000 -1.700000 -1.703000 -1.714000 -1.724000 -1.726000 -1.719000 -1.705000 -1.684000 -1.658000 -1.626000 -1.587000 -1.544000 -1.498000 -1.454000 -1.420000 -1.402000 -1.395000 -1.394000 -1.389000 -1.377000 -1.350000 -1.305000 -1.250000 -1.197000 -1.149000 -1.107000 -1.076000 -1.041000 -0.9900000 -0.9160001 -0.8310001 -0.7499998
-1.163000 -1.205000 -1.247000 -1.289000 -1.333000 -1.375000 -1.413000 -1.446000 -1.473000 -1.495000 -1.514000 -1.530000 -1.547000 -1.562000 -1.579000 -1.596000 -1.615000 -1.634000 -1.652000 -1.669000 -1.685000 -1.698000 -1.707000 -1.712000 -1.712000 -1.709000 -1.706000 -1.703000 -1.705000 -1.710000 -1.714000 -1.711000 -1.700000 -1.683000 -1.660000 -1.633000 -1.600000 -1.562000 -1.521000 -1.476000 -1.434000 -1.402000 -1.384000 -1.377000 -1.374000 -1.359000 -1.335000 -1.299000 -1.248000 -1.189000 -1.134000 -1.082000 -1.036000 -1.005000 -0.9700000 -0.9189999 -0.8479998 -0.7660000 -0.6880000
-1.154000 -1.195000 -1.240000 -1.286000 -1.330000 -1.372000 -1.410000 -1.441000 -1.467000 -1.489000 -1.507000 -1.523000 -1.540000 -1.558000 -1.575000 -1.595000 -1.616000 -1.637000 -1.655000 -1.672000 -1.688000 -1.703000 -1.713000 -1.717000 -1.718000 -1.715000 -1.711000 -1.708000 -1.706000 -1.707000 -1.707000 -1.698000 -1.682000 -1.661000 -1.637000 -1.608000 -1.574000 -1.536000 -1.494000 -1.450000 -1.408000 -1.375000 -1.355000 -1.343000 -1.333000 -1.315000 -1.287000 -1.247000 -1.192000 -1.130000 -1.072000 -1.019000 -0.9750001 -0.9399998 -0.9030001 -0.8529999 -0.7840002 -0.7039998 -0.6249998
-1.139000 -1.184000 -1.233000 -1.283000 -1.329000 -1.372000 -1.408000 -1.439000 -1.464000 -1.486000 -1.504000 -1.521000 -1.538000 -1.556000 -1.576000 -1.597000 -1.620000 -1.641000 -1.660000 -1.677000 -1.693000 -1.709000 -1.720000 -1.724000 -1.724000 -1.721000 -1.717000 -1.713000 -1.709000 -1.706000 -1.699000 -1.685000 -1.666000 -1.642000 -1.615000 -1.584000 -1.549000 -1.508000 -1.464000 -1.419000 -1.375000 -1.339000 -1.314000 -1.296000 -1.281000 -1.261000 -1.232000 -1.191000 -1.131000 -1.065000 -1.005000 -0.9539998 -0.9100001 -0.8739998 -0.8370001 -0.7889998 -0.7190001 -0.6390002 -0.5589998
-1.124000 -1.173000 -1.228000 -1.282000 -1.330000 -1.372000 -1.408000 -1.438000 -1.463000 -1.484000 -1.502000 -1.520000 -1.538000 -1.556000 -1.577000 -1.600000 -1.623000 -1.645000 -1.664000 -1.681000 -1.698000 -1.715000 -1.727000 -1.731000 -1.729000 -1.725000 -1.720000 -1.715000 -1.710000 -1.703000 -1.691000 -1.673000 -1.649000 -1.622000 -1.593000 -1.560000 -1.523000 -1.479000 -1.432000 -1.384000 -1.335000 -1.293000 -1.263000 -1.241000 -1.221000 -1.198000 -1.168000 -1.127000 -1.061000 -0.9909999 -0.9319999 -0.8809998 -0.8380001 -0.8009999 -0.7650001 -0.7210000 -0.6489999 -0.5690000 -0.4900000
-1.113000 -1.166000 -1.224000 -1.282000 -1.331000 -1.374000 -1.409000 -1.439000 -1.462000 -1.482000 -1.501000 -1.519000 -1.537000 -1.556000 -1.578000 -1.601000 -1.626000 -1.649000 -1.667000 -1.683000 -1.699000 -1.717000 -1.732000 -1.733000 -1.730000 -1.724000 -1.719000 -1.713000 -1.707000 -1.696000 -1.681000 -1.658000 -1.630000 -1.600000 -1.569000 -1.534000 -1.495000 -1.447000 -1.396000 -1.343000 -1.290000 -1.243000 -1.208000 -1.180000 -1.153000 -1.125000 -1.089000 -1.041000 -0.9760001 -0.9090002 -0.8510001 -0.8009999 -0.7570002 -0.7159998 -0.6750000 -0.6260002 -0.5620000 -0.4919999 -0.4229999
-1.121000 -1.168000 -1.223000 -1.279000 -1.330000 -1.374000 -1.411000 -1.438000 -1.460000 -1.479000 -1.498000 -1.516000 -1.535000 -1.555000 -1.577000 -1.602000 -1.626000 -1.649000 -1.667000 -1.683000 -1.698000 -1.714000 -1.726000 -1.728000 -1.725000 -1.719000 -1.713000 -1.706000 -1.696000 -1.683000 -1.664000 -1.639000 -1.609000 -1.577000 -1.543000 -1.505000 -1.462000 -1.412000 -1.357000 -1.299000 -1.241000 -1.189000 -1.148000 -1.115000 -1.083000 -1.048000 -1.005000 -0.9519999 -0.8869998 -0.8199999 -0.7650001 -0.7169998 -0.6720002 -0.6249998 -0.5769999 -0.5260000 -0.4700000 -0.4119999 -0.3550000
-1.130000 -1.171000 -1.220000 -1.273000 -1.322000 -1.369000 -1.409000 -1.434000 -1.453000 -1.473000 -1.493000 -1.512000 -1.532000 -1.553000 -1.576000 -1.601000 -1.626000 -1.648000 -1.666000 -1.681000 -1.694000 -1.708000 -1.718000 -1.720000 -1.716000 -1.709000 -1.703000 -1.695000 -1.683000 -1.667000 -1.645000 -1.618000 -1.587000 -1.553000 -1.517000 -1.477000 -1.430000 -1.378000 -1.319000 -1.255000 -1.190000 -1.131000 -1.087000 -1.049000 -1.012000 -0.9719999 -0.9250000 -0.8679998 -0.8009999 -0.7330000 -0.6819999 -0.6340001 -0.5860002 -0.5319998 -0.4770000 -0.4240000 -0.3759999 -0.3310001 -0.2879999
-1.134000 -1.167000 -1.207000 -1.255000 -1.301000 -1.351000 -1.398000 -1.423000 -1.442000 -1.466000 -1.487000 -1.507000 -1.528000 -1.550000 -1.573000 -1.599000 -1.625000 -1.647000 -1.665000 -1.679000 -1.690000 -1.702000 -1.710000 -1.711000 -1.706000 -1.698000 -1.692000 -1.683000 -1.670000 -1.652000 -1.627000 -1.599000 -1.566000 -1.529000 -1.493000 -1.453000 -1.404000 -1.346000 -1.281000 -1.211000 -1.141000 -1.078000 -1.027000 -0.9840000 -0.9440000 -0.9009998 -0.8510001 -0.7939999 -0.7299998 -0.6660001 -0.6109998 -0.5589998 -0.5039999 -0.4430001 -0.3810000 -0.3269999 -0.2860000 -0.2530000 -0.2230000
-1.133000 -1.153000 -1.179000 -1.215000 -1.259000 -1.309000 -1.359000 -1.398000 -1.430000 -1.460000 -1.483000 -1.503000 -1.524000 -1.547000 -1.572000 -1.599000 -1.625000 -1.648000 -1.665000 -1.678000 -1.688000 -1.698000 -1.704000 -1.704000 -1.698000 -1.691000 -1.684000 -1.674000 -1.660000 -1.640000 -1.614000 -1.583000 -1.548000 -1.510000 -1.473000 -1.430000 -1.380000 -1.317000 -1.245000 -1.168000 -1.092000 -1.023000 -0.9680002 -0.9230001 -0.8799999 -0.8349998 -0.7840002 -0.7279999 -0.6680000 -0.6070001 -0.5509999 -0.4949999 -0.4340000 -0.3659999 -0.2960000 -0.2370000 -0.2049999 -0.1849999 -0.1659999
-1.126000 -1.132000 -1.141000 -1.163000 -1.204000 -1.257000 -1.313000 -1.366000 -1.414000 -1.454000 -1.479000 -1.498000 -1.520000 -1.544000 -1.570000 -1.598000 -1.625000 -1.648000 -1.664000 -1.675000 -1.685000 -1.694000 -1.699000 -1.697000 -1.690000 -1.682000 -1.675000 -1.666000 -1.652000 -1.630000 -1.601000 -1.566000 -1.529000 -1.490000 -1.450000 -1.407000 -1.355000 -1.286000 -1.207000 -1.124000 -1.040000 -0.9649999 -0.9090002 -0.8640001 -0.8219998 -0.7749999 -0.7239997 -0.6699998 -0.6119998 -0.5540001 -0.4990001 -0.4430001 -0.3810000 -0.3069999 -0.2300000 -0.1640000 -0.1420000 -0.1329999 -0.1240001
-1.117000 -1.107000 -1.100000 -1.107000 -1.147000 -1.204000 -1.266000 -1.334000 -1.396000 -1.448000 -1.473000 -1.491000 -1.515000 -1.541000 -1.567000 -1.596000 -1.624000 -1.647000 -1.660000 -1.670000 -1.677000 -1.686000 -1.691000 -1.686000 -1.678000 -1.670000 -1.664000 -1.656000 -1.642000 -1.618000 -1.585000 -1.547000 -1.506000 -1.463000 -1.419000 -1.374000 -1.323000 -1.247000 -1.164000 -1.078000 -0.9869998 -0.9050000 -0.8510001 -0.8069999 -0.7660000 -0.7180002 -0.6680000 -0.6150000 -0.5589998 -0.5049999 -0.4530001 -0.4010000 -0.3429999 -0.2700000 -0.1980000 -0.1389999 -0.1120000 -9.9999905E-02 -8.9999914E-02
-1.106000 -1.085000 -1.066000 -1.066000 -1.101000 -1.160000 -1.231000 -1.306000 -1.375000 -1.429000 -1.463000 -1.488000 -1.514000 -1.540000 -1.567000 -1.594000 -1.619000 -1.639000 -1.651000 -1.659000 -1.664000 -1.670000 -1.672000 -1.669000 -1.662000 -1.656000 -1.650000 -1.643000 -1.627000 -1.601000 -1.565000 -1.523000 -1.477000 -1.428000 -1.378000 -1.325000 -1.266000 -1.192000 -1.111000 -1.026000 -0.9380000 -0.8590000 -0.8000000 -0.7530000 -0.7099998 -0.6619999 -0.6109998 -0.5600002 -0.5079999 -0.4579999 -0.4100001 -0.3610001 -0.3069999 -0.2430000 -0.1789999 -0.1289999 -9.8999977E-02 -8.2999945E-02 -7.0999861E-02
-1.100000 -1.069000 -1.037000 -1.026000 -1.062000 -1.126000 -1.205000 -1.285000 -1.357000 -1.415000 -1.454000 -1.483000 -1.512000 -1.539000 -1.566000 -1.590000 -1.611000 -1.628000 -1.638000 -1.643000 -1.646000 -1.649000 -1.649000 -1.647000 -1.642000 -1.637000 -1.634000 -1.627000 -1.611000 -1.582000 -1.542000 -1.496000 -1.444000 -1.389000 -1.331000 -1.270000 -1.203000 -1.131000 -1.054000 -0.9719999 -0.8879998 -0.8110001 -0.7499998 -0.7010000 -0.6559999 -0.6070001 -0.5560000 -0.5060000 -0.4579999 -0.4119999 -0.3690000 -0.3239999 -0.2770000 -0.2210000 -0.1670001 -0.1220000 -9.2000008E-02 -7.2999954E-02 -5.9999943E-02
-1.104000 -1.062000 -1.016000 -0.9929998 -1.032000 -1.103000 -1.189000 -1.272000 -1.347000 -1.408000 -1.449000 -1.479000 -1.508000 -1.536000 -1.562000 -1.583000 -1.601000 -1.614000 -1.622000 -1.625000 -1.626000 -1.626000 -1.625000 -1.623000 -1.620000 -1.616000 -1.616000 -1.611000 -1.595000 -1.563000 -1.518000 -1.468000 -1.412000 -1.350000 -1.285000 -1.216000 -1.142000 -1.072000 -0.9979999 -0.9199998 -0.8360002 -0.7600000 -0.7000000 -0.6499999 -0.6049998 -0.5540001 -0.5019999 -0.4530001 -0.4080000 -0.3680000 -0.3290000 -0.2900000 -0.2479999 -0.2010000 -0.1550000 -0.1159999 -8.6999893E-02 -6.5999985E-02 -4.9999952E-02
-1.105000 -1.062000 -1.014000 -0.9909999 -1.024000 -1.093000 -1.180000 -1.266000 -1.345000 -1.407000 -1.449000 -1.478000 -1.504000 -1.529000 -1.552000 -1.572000 -1.587000 -1.599000 -1.605000 -1.607000 -1.607000 -1.605000 -1.602000 -1.599000 -1.597000 -1.597000 -1.597000 -1.593000 -1.577000 -1.544000 -1.498000 -1.445000 -1.384000 -1.317000 -1.246000 -1.172000 -1.095000 -1.021000 -0.9449999 -0.8659999 -0.7840002 -0.7089999 -0.6480000 -0.5989997 -0.5519998 -0.5019999 -0.4500000 -0.4029999 -0.3620000 -0.3269999 -0.2939999 -0.2600000 -0.2230000 -0.1830001 -0.1440001 -0.1090000 -8.1000090E-02 -5.9000015E-02 -4.0999889E-02
-1.116000 -1.070000 -1.018000 -0.9919999 -1.024000 -1.093000 -1.180000 -1.268000 -1.348000 -1.412000 -1.450000 -1.475000 -1.497000 -1.519000 -1.539000 -1.557000 -1.571000 -1.582000 -1.587000 -1.589000 -1.588000 -1.583000 -1.578000 -1.576000 -1.575000 -1.575000 -1.577000 -1.574000 -1.560000 -1.526000 -1.479000 -1.422000 -1.359000 -1.289000 -1.215000 -1.136000 -1.056000 -0.9789999 -0.8999999 -0.8190000 -0.7340000 -0.6579998 -0.5989997 -0.5509999 -0.5060000 -0.4549999 -0.4040000 -0.3559999 -0.3199999 -0.2900000 -0.2630000 -0.2330000 -0.2010000 -0.1659999 -0.1320000 -0.1010001 -7.2999954E-02 -5.0999880E-02 -3.2999992E-02
-1.131000 -1.081000 -1.026000 -0.9940002 -1.030000 -1.100000 -1.185000 -1.271000 -1.351000 -1.418000 -1.448000 -1.467000 -1.487000 -1.506000 -1.524000 -1.540000 -1.554000 -1.564000 -1.569000 -1.570000 -1.569000 -1.562000 -1.555000 -1.553000 -1.551000 -1.551000 -1.554000 -1.554000 -1.542000 -1.506000 -1.457000 -1.400000 -1.336000 -1.266000 -1.191000 -1.110000 -1.026000 -0.9469998 -0.8650000 -0.7809999 -0.6909997 -0.6109998 -0.5560000 -0.5109999 -0.4689999 -0.4180000 -0.3659999 -0.3169999 -0.2860000 -0.2600000 -0.2349999 -0.2079999 -0.1789999 -0.1480000 -0.1180000 -8.9999914E-02 -6.3999891E-02 -4.0999889E-02 -2.3000002E-02
-1.120000 -1.084000 -1.044000 -1.025000 -1.053000 -1.113000 -1.190000 -1.270000 -1.344000 -1.403000 -1.436000 -1.457000 -1.475000 -1.493000 -1.509000 -1.523000 -1.535000 -1.544000 -1.548000 -1.549000 -1.547000 -1.542000 -1.536000 -1.532000 -1.530000 -1.529000 -1.530000 -1.526000 -1.511000 -1.477000 -1.430000 -1.375000 -1.313000 -1.246000 -1.174000 -1.096000 -1.013000 -0.9269998 -0.8380001 -0.7470000 -0.6579998 -0.5810001 -0.5249999 -0.4800000 -0.4380000 -0.3910000 -0.3429999 -0.3000000 -0.2670000 -0.2390001 -0.2140000 -0.1880000 -0.1610000 -0.1329999 -0.1059999 -7.9999924E-02 -5.3999901E-02 -3.0999899E-02 -1.0999918E-02
-1.105000 -1.084000 -1.059000 -1.051000 -1.076000 -1.128000 -1.196000 -1.267000 -1.334000 -1.387000 -1.421000 -1.442000 -1.461000 -1.478000 -1.493000 -1.506000 -1.516000 -1.523000 -1.528000 -1.529000 -1.526000 -1.522000 -1.517000 -1.513000 -1.509000 -1.506000 -1.504000 -1.497000 -1.480000 -1.448000 -1.402000 -1.349000 -1.290000 -1.228000 -1.161000 -1.089000 -1.009000 -0.9170001 -0.8199999 -0.7229998 -0.6340001 -0.5579998 -0.5030000 -0.4589999 -0.4189999 -0.3740001 -0.3290000 -0.2890000 -0.2539999 -0.2249999 -0.1989999 -0.1729999 -0.1459999 -0.1199999 -9.5999956E-02 -7.2999954E-02 -4.6999931E-02 -2.0999908E-02 0.0000000E+00
-1.089000 -1.079000 -1.066000 -1.067000 -1.093000 -1.140000 -1.200000 -1.265000 -1.325000 -1.374000 -1.406000 -1.427000 -1.446000 -1.462000 -1.476000 -1.488000 -1.498000 -1.504000 -1.508000 -1.509000 -1.507000 -1.504000 -1.500000 -1.495000 -1.489000 -1.483000 -1.479000 -1.470000 -1.452000 -1.420000 -1.376000 -1.323000 -1.269000 -1.211000 -1.150000 -1.084000 -1.009000 -0.9129999 -0.8110001 -0.7089999 -0.6200001 -0.5439999 -0.4900000 -0.4480000 -0.4080000 -0.3629999 -0.3180001 -0.2779999 -0.2430000 -0.2130001 -0.1870000 -0.1610000 -0.1370001 -0.1129999 -8.9999914E-02 -6.6999912E-02 -4.0999889E-02 -1.6000032E-02 6.0000420E-03
-1.064000 -1.066000 -1.066000 -1.075000 -1.102000 -1.146000 -1.202000 -1.262000 -1.319000 -1.366000 -1.397000 -1.417000 -1.433000 -1.447000 -1.460000 -1.471000 -1.481000 -1.487000 -1.491000 -1.492000 -1.491000 -1.488000 -1.484000 -1.478000 -1.471000 -1.464000 -1.457000 -1.447000 -1.427000 -1.396000 -1.353000 -1.303000 -1.251000 -1.196000 -1.138000 -1.074000 -0.9999998 -0.9090002 -0.8100002 -0.7120001 -0.6229999 -0.5470002 -0.4890001 -0.4419999 -0.3980000 -0.3529999 -0.3069999 -0.2660000 -0.2309999 -0.2010000 -0.1759999 -0.1520000 -0.1289999 -0.1080000 -8.6999893E-02 -6.3999891E-02 -3.7999868E-02 -1.0999918E-02 1.3000011E-02
-1.036000 -1.047000 -1.056000 -1.073000 -1.102000 -1.145000 -1.199000 -1.258000 -1.314000 -1.360000 -1.389000 -1.407000 -1.420000 -1.432000 -1.442000 -1.453000 -1.463000 -1.471000 -1.474000 -1.475000 -1.474000 -1.472000 -1.469000 -1.461000 -1.452000 -1.444000 -1.436000 -1.425000 -1.405000 -1.373000 -1.331000 -1.283000 -1.232000 -1.179000 -1.124000 -1.064000 -0.9929998 -0.9069998 -0.8130000 -0.7190001 -0.6299999 -0.5529997 -0.4919999 -0.4400001 -0.3929999 -0.3439999 -0.2969999 -0.2539999 -0.2189999 -0.1900001 -0.1650000 -0.1429999 -0.1220000 -0.1020000 -8.2999945E-02 -6.0999870E-02 -3.2999992E-02 -3.0000210E-03 2.3000002E-02
