layers/topo_xyz.grd
DSAA
         401         368
  0.0000000E+00   120.0000    
  0.0000000E+00   110.0000    
  -8.625999       3.499000    
[rows 182 to 207 of 368, columns 118 to 176 of 401]
1.109000 1.160000 1.204000 1.239000 1.270000 1.301000 1.338000 1.375000 1.407000 1.428000 1.444000 1.463000 1.493000 1.529000 1.567000 1.607000 1.643000 1.668000 1.688000 1.706000 1.722000 1.736000 1.754000 1.772000 1.791000 1.811000 1.832000 1.858000 1.889000 1.924000 1.962000 2.000000 2.032000 2.045000 2.048000 2.045000 2.043000 2.042000 2.044000 2.049000 2.073000 2.133000 2.217000 2.320000 2.428000 2.539000 2.639000 2.706000 2.748000 2.769000 2.769000 2.753000 2.727000 2.700000 2.659000 2.596000 2.519000 2.441000 2.371000
1.135000 1.179000 1.217000 1.247000 1.274000 1.303000 1.339000 1.376000 1.408000 1.428000 1.442000 1.458000 1.483000 1.513000 1.547000 1.582000 1.614000 1.641000 1.665000 1.685000 1.702000 1.717000 1.733000 1.748000 1.764000 1.782000 1.803000 1.827000 1.854000 1.884000 1.916000 1.948000 1.972000 1.981000 1.979000 1.972000 1.966000 1.960000 1.956000 1.956000 1.972000 2.017000 2.085000 2.171000 2.271000 2.374000 2.466000 2.537000 2.585000 2.608000 2.606000 2.586000 2.553000 2.519000 2.477000 2.431000 2.380000 2.328000 2.287000
1.168000 1.204000 1.233000 1.257000 1.277000 1.301000 1.337000 1.375000 1.408000 1.426000 1.438000 1.451000 1.471000 1.496000 1.524000 1.552000 1.580000 1.609000 1.636000 1.659000 1.678000 1.694000 1.708000 1.719000 1.731000 1.748000 1.769000 1.791000 1.814000 1.838000 1.864000 1.890000 1.909000 1.915000 1.911000 1.901000 1.892000 1.883000 1.874000 1.868000 1.874000 1.906000 1.956000 2.023000 2.113000 2.207000 2.293000 2.367000 2.421000 2.450000 2.449000 2.426000 2.389000 2.353000 2.312000 2.283000 2.253000 2.223000 2.208000
1.193000 1.221000 1.242000 1.262000 1.276000 1.295000 1.333000 1.373000 1.407000 1.421000 1.430000 1.439000 1.456000 1.477000 1.499000 1.522000 1.546000 1.576000 1.605000 1.630000 1.649000 1.665000 1.679000 1.686000 1.694000 1.710000 1.730000 1.751000 1.768000 1.786000 1.806000 1.830000 1.847000 1.851000 1.845000 1.833000 1.824000 1.814000 1.802000 1.790000 1.786000 1.808000 1.845000 1.898000 1.971000 2.053000 2.133000 2.206000 2.263000 2.297000 2.303000 2.287000 2.256000 2.222000 2.188000 2.167000 2.151000 2.140000 2.139000
1.182000 1.214000 1.235000 1.254000 1.274000 1.299000 1.332000 1.366000 1.393000 1.408000 1.417000 1.427000 1.441000 1.458000 1.477000 1.497000 1.520000 1.547000 1.575000 1.598000 1.616000 1.629000 1.640000 1.647000 1.656000 1.670000 1.686000 1.702000 1.716000 1.731000 1.748000 1.769000 1.786000 1.789000 1.783000 1.773000 1.763000 1.754000 1.742000 1.729000 1.723000 1.733000 1.752000 1.787000 1.845000 1.915000 1.987000 2.058000 2.118000 2.159000 2.171000 2.164000 2.144000 2.115000 2.087000 2.073000 2.068000 2.070000 2.079000
1.164000 1.196000 1.219000 1.239000 1.267000 1.298000 1.329000 1.357000 1.379000 1.393000 1.402000 1.411000 1.424000 1.440000 1.456000 1.474000 1.495000 1.520000 1.545000 1.567000 1.581000 1.591000 1.597000 1.606000 1.615000 1.626000 1.638000 1.651000 1.661000 1.672000 1.687000 1.709000 1.726000 1.729000 1.723000 1.714000 1.707000 1.699000 1.690000 1.677000 1.669000 1.670000 1.674000 1.692000 1.738000 1.795000 1.858000 1.925000 1.986000 2.033000 2.051000 2.053000 2.045000 2.023000 2.001000 1.997000 2.000000 2.010000 2.027000
1.149000 1.180000 1.201000 1.221000 1.256000 1.294000 1.323000 1.347000 1.365000 1.378000 1.386000 1.393000 1.405000 1.420000 1.434000 1.451000 1.470000 1.494000 1.517000 1.537000 1.547000 1.552000 1.554000 1.562000 1.571000 1.579000 1.587000 1.597000 1.604000 1.612000 1.624000 1.648000 1.668000 1.669000 1.663000 1.655000 1.650000 1.646000 1.641000 1.627000 1.615000 1.609000 1.609000 1.621000 1.654000 1.699000 1.751000 1.808000 1.863000 1.906000 1.933000 1.946000 1.949000 1.943000 1.935000 1.936000 1.944000 1.958000 1.978000
1.143000 1.172000 1.192000 1.213000 1.244000 1.279000 1.310000 1.336000 1.355000 1.366000 1.371000 1.376000 1.384000 1.396000 1.411000 1.428000 1.447000 1.469000 1.490000 1.506000 1.515000 1.518000 1.519000 1.521000 1.524000 1.528000 1.534000 1.540000 1.547000 1.556000 1.567000 1.585000 1.600000 1.603000 1.600000 1.595000 1.592000 1.589000 1.584000 1.572000 1.560000 1.553000 1.552000 1.561000 1.585000 1.619000 1.660000 1.707000 1.753000 1.792000 1.824000 1.847000 1.862000 1.871000 1.877000 1.884000 1.894000 1.910000 1.933000
1.147000 1.171000 1.188000 1.205000 1.232000 1.263000 1.295000 1.324000 1.345000 1.353000 1.355000 1.356000 1.361000 1.371000 1.385000 1.403000 1.423000 1.443000 1.461000 1.476000 1.484000 1.486000 1.484000 1.480000 1.476000 1.477000 1.480000 1.484000 1.492000 1.501000 1.511000 1.524000 1.533000 1.537000 1.536000 1.533000 1.531000 1.529000 1.525000 1.516000 1.507000 1.500000 1.500000 1.508000 1.526000 1.552000 1.583000 1.622000 1.660000 1.694000 1.730000 1.760000 1.784000 1.805000 1.823000 1.834000 1.846000 1.865000 1.891000
1.156000 1.175000 1.187000 1.198000 1.220000 1.247000 1.279000 1.309000 1.332000 1.337000 1.335000 1.333000 1.336000 1.343000 1.357000 1.376000 1.396000 1.414000 1.431000 1.445000 1.452000 1.454000 1.450000 1.441000 1.431000 1.429000 1.429000 1.431000 1.439000 1.447000 1.456000 1.465000 1.470000 1.474000 1.474000 1.471000 1.471000 1.469000 1.466000 1.460000 1.455000 1.451000 1.452000 1.460000 1.476000 1.497000 1.524000 1.555000 1.587000 1.619000 1.654000 1.687000 1.716000 1.742000 1.765000 1.781000 1.799000 1.822000 1.852000
1.157000 1.176000 1.188000 1.198000 1.215000 1.236000 1.261000 1.286000 1.304000 1.311000 1.311000 1.310000 1.311000 1.316000 1.328000 1.344000 1.362000 1.380000 1.397000 1.410000 1.418000 1.420000 1.416000 1.404000 1.392000 1.386000 1.384000 1.386000 1.390000 1.396000 1.403000 1.409000 1.414000 1.417000 1.417000 1.416000 1.414000 1.412000 1.409000 1.406000 1.404000 1.404000 1.407000 1.415000 1.430000 1.450000 1.474000 1.500000 1.526000 1.555000 1.588000 1.622000 1.654000 1.682000 1.707000 1.727000 1.749000 1.776000 1.811000
1.156000 1.175000 1.186000 1.195000 1.207000 1.221000 1.239000 1.257000 1.271000 1.279000 1.282000 1.283000 1.283000 1.286000 1.294000 1.308000 1.325000 1.341000 1.357000 1.371000 1.380000 1.384000 1.380000 1.367000 1.353000 1.345000 1.341000 1.341000 1.342000 1.345000 1.350000 1.355000 1.359000 1.361000 1.362000 1.361000 1.358000 1.355000 1.352000 1.352000 1.353000 1.356000 1.361000 1.370000 1.385000 1.406000 1.430000 1.450000 1.471000 1.497000 1.527000 1.561000 1.595000 1.623000 1.648000 1.670000 1.694000 1.724000 1.762000
1.151000 1.167000 1.176000 1.184000 1.190000 1.199000 1.210000 1.223000 1.234000 1.241000 1.246000 1.249000 1.248000 1.249000 1.256000 1.268000 1.283000 1.298000 1.314000 1.328000 1.338000 1.344000 1.343000 1.328000 1.310000 1.301000 1.296000 1.295000 1.292000 1.291000 1.294000 1.297000 1.302000 1.303000 1.305000 1.305000 1.301000 1.297000 1.295000 1.297000 1.301000 1.307000 1.312000 1.322000 1.338000 1.360000 1.385000 1.400000 1.416000 1.438000 1.467000 1.500000 1.535000 1.563000 1.588000 1.608000 1.632000 1.664000 1.705000
1.131000 1.147000 1.154000 1.158000 1.161000 1.166000 1.174000 1.183000 1.191000 1.198000 1.202000 1.205000 1.206000 1.208000 1.214000 1.225000 1.238000 1.252000 1.265000 1.277000 1.288000 1.296000 1.295000 1.283000 1.267000 1.255000 1.247000 1.241000 1.235000 1.231000 1.230000 1.233000 1.238000 1.241000 1.241000 1.240000 1.239000 1.239000 1.240000 1.243000 1.246000 1.252000 1.258000 1.269000 1.286000 1.307000 1.329000 1.344000 1.359000 1.378000 1.405000 1.436000 1.468000 1.496000 1.521000 1.542000 1.564000 1.595000 1.638000
1.104000 1.117000 1.123000 1.124000 1.124000 1.126000 1.132000 1.139000 1.146000 1.152000 1.155000 1.158000 1.161000 1.165000 1.171000 1.181000 1.193000 1.204000 1.215000 1.224000 1.236000 1.244000 1.245000 1.233000 1.218000 1.205000 1.194000 1.185000 1.175000 1.166000 1.162000 1.166000 1.172000 1.176000 1.175000 1.173000 1.176000 1.180000 1.186000 1.189000 1.191000 1.195000 1.203000 1.215000 1.231000 1.252000 1.273000 1.288000 1.301000 1.318000 1.343000 1.373000 1.402000 1.431000 1.455000 1.475000 1.495000 1.524000 1.570000
1.072000 1.081000 1.084000 1.083000 1.082000 1.082000 1.088000 1.095000 1.100000 1.105000 1.109000 1.111000 1.115000 1.121000 1.128000 1.140000 1.150000 1.161000 1.167000 1.172000 1.184000 1.192000 1.193000 1.180000 1.164000 1.150000 1.138000 1.127000 1.114000 1.102000 1.094000 1.099000 1.107000 1.112000 1.109000 1.105000 1.112000 1.122000 1.132000 1.136000 1.138000 1.141000 1.151000 1.163000 1.178000 1.199000 1.221000 1.235000 1.247000 1.262000 1.288000 1.316000 1.343000 1.372000 1.396000 1.414000 1.432000 1.459000 1.511000
1.027000 1.037000 1.040000 1.041000 1.041000 1.042000 1.047000 1.053000 1.058000 1.062000 1.064000 1.067000 1.072000 1.080000 1.091000 1.104000 1.116000 1.124000 1.129000 1.132000 1.137000 1.139000 1.134000 1.122000 1.106000 1.093000 1.081000 1.069000 1.056000 1.044000 1.037000 1.039000 1.044000 1.047000 1.045000 1.045000 1.052000 1.064000 1.076000 1.085000 1.091000 1.097000 1.105000 1.116000 1.130000 1.150000 1.171000 1.188000 1.204000 1.221000 1.244000 1.270000 1.296000 1.322000 1.344000 1.363000 1.384000 1.416000 1.468000
0.9779999 0.9879999 0.9940000 0.9970000 0.9990001 1.002000 1.007000 1.014000 1.019000 1.021000 1.022000 1.024000 1.031000 1.040000 1.054000 1.070000 1.085000 1.091000 1.094000 1.094000 1.092000 1.087000 1.076000 1.062000 1.046000 1.032000 1.021000 1.010000 0.9970000 0.9860001 0.9800000 0.9809999 0.9840000 0.9870000 0.9850001 0.9850001 0.9940000 1.008000 1.024000 1.037000 1.048000 1.057000 1.065000 1.074000 1.086000 1.105000 1.126000 1.147000 1.167000 1.187000 1.209000 1.233000 1.257000 1.280000 1.302000 1.321000 1.344000 1.378000 1.433000
0.9270000 0.9380000 0.9470000 0.9520001 0.9560001 0.9600000 0.9679999 0.9760001 0.9809999 0.9830000 0.9820001 0.9820001 0.9890001 1.000000 1.014000 1.033000 1.051000 1.056000 1.056000 1.054000 1.048000 1.037000 1.021000 1.004000 0.9850001 0.9700000 0.9579999 0.9480000 0.9340000 0.9250000 0.9210000 0.9219999 0.9260001 0.9290001 0.9260001 0.9260001 0.9370000 0.9549999 0.9730000 0.9900000 1.006000 1.019000 1.027000 1.034000 1.045000 1.066000 1.088000 1.111000 1.134000 1.157000 1.178000 1.200000 1.223000 1.245000 1.266000 1.285000 1.308000 1.342000 1.399000
0.8759999 0.8900001 0.9010000 0.9080000 0.9130001 0.9180000 0.9280000 0.9370000 0.9440000 0.9440000 0.9430001 0.9430001 0.9480000 0.9570000 0.9700000 0.9870000 1.002000 1.010000 1.012000 1.011000 1.003000 0.9900000 0.9720001 0.9510000 0.9280000 0.9080000 0.8910000 0.8770001 0.8650000 0.8580000 0.8570001 0.8610001 0.8659999 0.8700001 0.8700001 0.8720000 0.8840001 0.9030001 0.9240000 0.9440000 0.9620001 0.9770000 0.9879999 0.9990001 1.013000 1.032000 1.055000 1.079000 1.103000 1.126000 1.147000 1.167000 1.189000 1.212000 1.234000 1.255000 1.278000 1.312000 1.362000
0.8340001 0.8470001 0.8570001 0.8650000 0.8710001 0.8780000 0.8870001 0.8950000 0.9020000 0.9020000 0.9010000 0.9010000 0.9040000 0.9100001 0.9210000 0.9349999 0.9480000 0.9570000 0.9620001 0.9630001 0.9560001 0.9430001 0.9250000 0.9000001 0.8730001 0.8460000 0.8210001 0.8020000 0.7910001 0.7869999 0.7900000 0.7980001 0.8080001 0.8150001 0.8160000 0.8190000 0.8329999 0.8540001 0.8770001 0.8989999 0.9180000 0.9349999 0.9490001 0.9640000 0.9800000 1.000000 1.023000 1.048000 1.073000 1.097000 1.116000 1.134000 1.154000 1.180000 1.205000 1.224000 1.246000 1.276000 1.320000
0.7920001 0.8060000 0.8150001 0.8210001 0.8290000 0.8360000 0.8429999 0.8500001 0.8559999 0.8570001 0.8559999 0.8550000 0.8559999 0.8600001 0.8680000 0.8780000 0.8900001 0.8989999 0.9060001 0.9100001 0.9040000 0.8930001 0.8759999 0.8490000 0.8169999 0.7820001 0.7509999 0.7260001 0.7170000 0.7160001 0.7240000 0.7370000 0.7520001 0.7630000 0.7639999 0.7670000 0.7839999 0.8069999 0.8320000 0.8550000 0.8759999 0.8940001 0.9100001 0.9260001 0.9449999 0.9649999 0.9879999 1.013000 1.040000 1.066000 1.084000 1.100000 1.118000 1.147000 1.175000 1.191000 1.208000 1.233000 1.271000
0.7490001 0.7639999 0.7720001 0.7760000 0.7830000 0.7900000 0.7930000 0.7980001 0.8040001 0.8060000 0.8060000 0.8050001 0.8060000 0.8080001 0.8130000 0.8210001 0.8299999 0.8370001 0.8429999 0.8450000 0.8429999 0.8360000 0.8199999 0.7939999 0.7590001 0.7200000 0.6830001 0.6560001 0.6460001 0.6489999 0.6600001 0.6780000 0.6970000 0.7110000 0.7170000 0.7230000 0.7400000 0.7620001 0.7880001 0.8120000 0.8340001 0.8540001 0.8690000 0.8840001 0.9010000 0.9219999 0.9460001 0.9730000 1.001000 1.027000 1.049000 1.069000 1.090000 1.113000 1.134000 1.148000 1.162000 1.183000 1.216000
0.7010000 0.7210000 0.7300000 0.7330000 0.7350001 0.7370000 0.7370000 0.7430000 0.7490001 0.7539999 0.7550001 0.7550001 0.7550001 0.7560000 0.7570000 0.7630000 0.7700000 0.7750001 0.7770000 0.7770000 0.7790000 0.7760000 0.7630000 0.7370000 0.7010000 0.6570001 0.6159999 0.5870001 0.5790000 0.5860000 0.6010001 0.6230001 0.6460001 0.6640000 0.6719999 0.6800001 0.6970000 0.7190001 0.7440000 0.7690001 0.7930000 0.8140001 0.8270001 0.8399999 0.8550000 0.8759999 0.9010000 0.9290001 0.9570000 0.9850001 1.010000 1.035000 1.059000 1.077000 1.091000 1.100000 1.110000 1.127000 1.156000
0.6540000 0.6770000 0.6870000 0.6880000 0.6849999 0.6810000 0.6780000 0.6870000 0.6960001 0.7040000 0.7060001 0.7049999 0.7070000 0.7060001 0.7049999 0.7100000 0.7140000 0.7160001 0.7140000 0.7100000 0.7140000 0.7140000 0.7030001 0.6760001 0.6400001 0.5929999 0.5510001 0.5220001 0.5190001 0.5300000 0.5469999 0.5740001 0.6010001 0.6220000 0.6300001 0.6370001 0.6540000 0.6760001 0.7010000 0.7260001 0.7500000 0.7720001 0.7839999 0.7950001 0.8080001 0.8320000 0.8559999 0.8840001 0.9110000 0.9380000 0.9649999 0.9940000 1.020000 1.034000 1.043000 1.050000 1.056000 1.067000 1.096000
0.6070001 0.6320000 0.6400001 0.6380000 0.6320000 0.6289999 0.6289999 0.6380000 0.6480000 0.6560001 0.6600001 0.6610000 0.6619999 0.6619999 0.6610000 0.6630001 0.6640000 0.6630001 0.6600001 0.6550000 0.6540000 0.6489999 0.6340001 0.6050000 0.5680001 0.5260000 0.4920001 0.4720001 0.4720001 0.4850001 0.5060000 0.5320001 0.5569999 0.5770001 0.5870001 0.5960000 0.6129999 0.6350000 0.6580000 0.6810000 0.7020001 0.7210000 0.7360001 0.7509999 0.7700000 0.7960000 0.8210001 0.8429999 0.8640001 0.8850000 0.9119999 0.9400001 0.9649999 0.9809999 0.9909999 0.9970000 1.003000 1.015000 1.040000
